338
1 1 3 4
6 5 8 8
8 9 11 11
8 12 13 13
8 14 14 15
19 18 21 21
21 22 24 24
21 25 27 26
22 27 28 28
29 29 31 32
32 33 35 35
32 36 37 37
32 38 38 39
44 43 46 46
45 47 48 49
45 50 50 51
46 52 52 53
57 57 59 60
57 61 62 62
57 63 63 64
63 65 66 67
63 68 68 69
69 70 72 72
69 73 75 74
69 75 75 76
75 77 78 79
80 80 83 82
84 84 87 86
84 87 89 88
84 89 89 90
85 91 91 92
88 93 94 94
89 95 95 96
91 97 97 98
93 99 99 100
95 101 101 102
98 103 104 104
106 106 108 109
106 110 111 111
106 112 112 113
108 114 114 115
116 116 119 118
120 119 122 122
121 123 124 125
122 126 128 127
128 128 130 131
132 132 134 135
136 136 139 138
141 140 143 143
142 144 145 146
142 147 147 148
144 149 150 150
145 151 151 152
152 153 155 155
152 156 158 157
152 158 158 159
155 160 161 161
156 162 162 163
162 164 165 166
167 167 170 169
168 170 171 172
169 173 175 174
179 179 182 181
179 182 184 183
184 184 186 187
184 188 190 189
184 190 190 191
187 192 193 193
188 194 194 195
194 196 197 198
194 199 199 200
195 201 201 202
199 203 205 204
199 205 205 206
202 207 208 208
210 210 212 213
210 214 216 215
210 216 216 217
221 221 224 223
221 224 226 225
230 230 233 232
230 233 235 234
235 235 238 237
238 238 241 240
238 241 243 242
238 243 244 244
240 245 246 246
248 248 250 251
248 252 253 253
248 254 254 255
250 256 256 257
252 258 258 259
255 260 261 261
262 262 265 264
263 265 266 267
266 268 269 270
267 271 273 272
267 273 273 274
270 275 276 276
276 277 279 279
278 280 281 282
278 283 283 284
280 285 286 286
281 287 287 288
287 289 290 291
287 292 292 293
295 295 298 297
302 301 304 304
302 305 307 306
302 307 308 308
305 309 311 310
305 311 311 312
307 313 313 314
313 315 316 317
314 318 320 319
316 320 322 321
316 322 322 323
320 324 326 325
322 326 328 327
322 328 328 329
324 330 330 331
326 332 332 333
328 334 334 335
338 338 341 340
344 344 347 346
347 347 349 350
353 352 355 355
355 356 358 358
355 359 361 360
355 361 361 362
357 363 363 364
359 365 365 366
361 367 367 368
363 369 369 370
365 371 371 372
368 373 374 374
369 375 375 376
372 377 378 378
374 379 380 380
375 381 381 382
378 383 384 384
381 385 387 386
381 387 387 388
387 389 390 391
395 394 397 397
400 400 402 403
400 404 405 405
400 406 406 407
409 409 411 412
409 413 415 414
409 415 415 416
417 417 420 419
420 420 422 423
420 424 426 425
420 426 426 427
422 428 428 429
424 430 430 431
433 432 435 435
439 438 441 441
445 444 447 447
449 449 452 451
451 452 454 454
451 455 457 456
452 457 458 458
454 459 460 460
455 461 461 462
458 463 464 464
459 465 465 466
461 467 467 468
463 469 469 470
467 471 473 472
467 473 473 474
469 475 475 476
485 484 487 487
494 493 496 496
494 497 499 498
497 499 500 501
498 502 504 503
498 504 504 505
507 507 510 509
512 512 514 515
512 516 517 517
520 519 522 522
527 527 529 530
527 531 533 532
527 533 533 534
530 535 536 536
532 537 538 538
533 539 539 540
543 542 545 545
548 547 550 550
551 551 554 553
553 554 556 556
553 557 559 558
553 559 559 560
555 561 561 562
563 563 565 566
568 567 570 570
572 572 574 575
578 578 581 580
578 581 583 582
578 583 583 584
579 585 585 586
582 587 588 588
583 589 589 590
590 591 593 593
590 594 596 595
596 596 599 598
600 599 602 602
605 604 607 607
609 608 611 611
610 612 613 614
615 615 617 618
615 619 620 620
615 621 621 622
617 623 623 624
620 625 626 626
638 637 640 640
638 641 643 642
644 644 647 646
649 649 651 652
649 653 654 654
649 655 655 656
657 657 660 659
657 660 662 661
657 662 662 663
671 671 673 674
671 675 676 676
672 677 678 678
677 679 680 681
684 684 686 687
691 691 694 693
695 694 697 697
698 698 700 701
702 702 704 705
709 708 711 711
709 712 714 713
710 714 716 715
716 716 719 718
718 719 721 721
718 722 724 723
726 725 728 728
731 731 734 733
736 735 738 738
737 739 740 741
738 742 744 743
739 744 745 745
742 746 748 747
742 748 748 749
744 750 750 751
746 752 752 753
748 754 754 755
750 756 756 757
752 758 758 759
760 760 762 763
760 764 766 765
764 766 767 768
764 769 770 770
765 771 771 772
767 773 773 774
769 775 775 776
773 777 779 778
781 781 784 783
782 784 785 786
782 787 787 788
789 789 791 792
789 793 795 794
790 795 796 796
791 797 797 798
798 799 801 801
798 802 803 803
798 804 804 805
800 806 806 807
802 808 808 809
804 810 810 811
806 812 812 813
809 814 815 815
816 816 819 818
820 820 823 822
825 825 827 828
825 829 830 830
826 831 832 832
835 834 837 837
839 839 841 842
848 847 850 850
848 851 853 852
848 853 854 854
857 856 859 859
859 860 862 862
859 863 864 864
866 866 868 869
872 872 874 875
874 876 877 878
874 879 880 880
875 881 881 882
877 883 883 884
885 885 887 888
888 889 891 891
888 892 894 893
888 894 894 895
891 896 897 897
896 898 899 900
896 901 902 902
897 903 903 904
903 905 906 907
903 908 909 909
906 910 912 911
911 912 914 914
919 918 921 921
922 922 924 925
922 926 927 927
922 928 928 929
924 930 930 931
926 932 932 933
928 934 934 935
936 936 939 938
936 939 941 940
936 941 942 942
937 943 943 944
939 945 945 946
941 947 947 948
943 949 949 950
951 951 953 954
959 958 961 961
963 962 965 965
964 966 967 968
968 969 971 971
968 972 974 973
973 974 976 976
977 977 979 980
977 981 983 982
977 983 983 984
979 985 985 986
988 988 991 990
988 991 993 992
988 993 993 994
991 995 997 996
991 997 997 998
