221
0 0 3 2
0 3 4 4
0 5 5 6
2 7 7 8
4 9 9 10
4 11 11 11
7 12 12 13
9 14 14 15
13 16 18 17
14 18 19 19
15 20 20 21
17 22 22 23
17 24 25 24
17 25 25 25
17 26 26 26
17 27 26 27
18 28 29 28
24 29 29 30
24 31 32 31
24 32 32 32
28 33 33 34
30 35 35 36
30 37 38 37
30 38 39 38
30 39 39 39
38 40 41 42
38 43 43 44
44 45 47 47
44 48 48 49
45 50 50 51
53 52 55 55
53 56 58 57
53 58 58 59
53 60 60 60
53 61 62 61
57 62 62 63
59 64 64 65
59 66 66 66
59 67 67 67
59 68 69 68
59 69 69 69
59 70 69 70
59 71 69 71
59 72 69 72
59 73 69 73
59 74 69 74
59 75 69 75
59 76 69 76
67 77 78 77
67 78 78 78
67 79 78 79
67 80 78 80
67 81 78 81
67 82 78 82
67 83 78 83
67 84 78 84
67 85 78 85
67 86 78 86
67 87 78 87
67 88 78 88
67 89 78 89
67 90 78 90
67 91 78 91
67 92 78 92
67 93 78 93
68 94 79 94
68 95 79 95
68 96 79 96
68 97 79 97
68 98 79 98
72 99 83 99
72 100 83 100
72 101 83 101
72 102 83 102
72 103 83 103
72 104 83 104
72 105 83 105
72 106 83 106
72 107 83 107
73 108 84 108
73 109 84 109
75 110 86 110
75 111 86 111
75 112 86 112
80 113 91 113
80 114 91 114
80 115 91 115
80 116 91 116
80 117 91 117
80 118 91 118
80 119 91 119
85 120 96 120
85 121 96 121
85 122 96 122
85 123 96 123
85 124 96 124
88 125 99 125
88 126 99 126
88 127 99 127
88 128 99 128
88 129 99 129
88 130 99 130
88 131 99 131
88 132 99 132
88 133 99 133
88 134 99 134
88 135 99 135
88 136 99 136
88 137 99 137
88 138 99 138
88 139 99 139
88 140 99 140
88 141 99 141
88 142 99 142
88 143 99 143
88 144 99 144
88 145 99 145
92 146 103 146
92 147 103 147
92 148 103 148
92 149 103 149
95 150 106 150
95 151 106 151
95 152 106 152
98 153 109 153
98 154 109 154
98 155 109 155
98 156 109 156
98 157 109 157
98 158 109 158
108 159 119 159
108 160 119 160
108 161 119 161
108 162 119 162
108 163 119 163
110 164 121 164
110 165 121 165
110 166 121 166
110 167 121 167
110 168 121 168
110 169 121 169
110 170 121 170
110 171 121 171
110 172 121 172
110 173 121 173
110 174 121 174
110 175 121 175
110 176 121 176
114 177 125 177
114 178 125 178
114 179 125 179
114 180 125 180
114 181 125 181
114 182 125 182
114 183 125 183
114 184 125 184
114 185 125 185
114 186 125 186
114 187 125 187
114 188 125 188
114 189 125 189
114 190 125 190
114 191 125 191
114 192 125 192
114 193 125 193
114 194 125 194
114 195 125 195
114 196 125 196
114 197 125 197
114 198 125 198
114 199 125 199
115 200 126 200
115 201 126 201
119 202 130 202
119 203 130 203
119 204 130 204
119 205 130 205
119 206 130 206
119 207 130 207
119 208 130 208
119 209 130 209
119 210 130 210
119 211 130 211
119 212 130 212
119 213 130 213
119 214 130 214
119 215 130 215
119 216 130 216
119 217 130 217
119 218 130 218
119 219 130 219
119 220 130 220
119 221 130 221
119 222 130 222
119 223 130 223
119 224 130 224
119 225 130 225
119 226 130 226
119 227 130 227
119 228 130 228
119 229 130 229
119 230 130 230
119 231 130 231
119 232 130 232
119 233 130 233
119 234 130 234
119 235 130 235
119 236 130 236
119 237 130 237
119 238 130 238
119 239 130 239
121 240 132 240
121 241 132 241
121 242 132 242
121 243 132 243
121 244 132 244
121 245 132 245
123 246 134 246
124 247 135 247
124 248 135 248
124 249 135 249
